0 1 2 3 4 5 6 7 8 9 10 11 12 13 14 15 16 17 18 19 20 21 22 23 24
0 25 26 27 28 29 30 31 32 33 34 35 36 37 38 27
0 39 26 40 41 42 26 43 32 44 45 46
0 47 26 27 28 29 48 49 41 42 50 51 52 53 54 55 35 36 37 42 56 57 58 59
0 35 60 42 61 62 63 64 65 66 67 68 69 70 35 71 72 42 73 74 75 35 46 42 76 77 64 78 79 80 27 28 81 82 83
0 32 61 84 26 40 85 26 62 78 86 32 26 87 88 89 90 64 78 91 92 93 94 95 96 97 82 98
0 26 99 32 100 42 101 102 26 103 93 104 66 105 106 107 26 108 109 26 67 68 108 27
0 110 111 112 113 83 79 80 35 114 81 32 115 116 117 108 118 119 101 120 121 42 122 35 123 124 64 125 101 126 64 32 127
0 35 26 26 98 56 40 128 29 129
0 130 131 132 133 28 81 134 135 136 42 61 137 138 139 140
0 141 40 142 61 108 143 144 145
0 146 26 147 32 82 148 149 32 76 113 150 42 138 151 152 153 42 32 66 105
0 130 154 142 155 156 152 157 158 159 160 161 98 162 163 26 42 164 119 26 73 165
0 166 26 167 35 168 42 82 169 32 170 73 165 48 32 171 172 42 173 174 48 164 174
0 32 26 175 98 61 54 63 108 176 177 178 108 179 180 181 32 68 108 32 182 183 48 184 87 35 185 186 42 26 108 27
0 169 27 64 27 27 187 66 105 87 32 68 113 188 32 189 98
0 75 27 190 148 191 192 87 32 193 27 154 194 79 80 195 196 32 197 198
0 199 42 32 200 201 76 154 26 202 203 195 87 204 26 73
0 32 205 42 27 74 169 206 26 207 73 48 26 54 208 209 80 197 32 82 98
0 32 26 210 40 35 211 212 75 213 42 214 148 215 26 202 98 166 26
