0 2 3 4 5 6 7 8 9 10 11 12 13 14 15 16 17 18 19 20 21 22 23 24 25 1 

0 26 27 28 29 30 31 32 33 34 35 36 37 38 39 28 1 

0 40 27 41 42 43 27 44 33 45 46 47 1 

0 48 27 28 29 30 49 50 42 43 51 52 53 54 55 56 36 37 38 43 57 58 59 60 1 

0 36 61 43 62 63 64 65 66 67 68 69 70 71 36 72 73 43 74 75 76 36 47 43 77 78 65 79 80 81 28 29 82 83 84 1 

0 33 62 85 27 41 86 27 63 79 87 33 27 88 89 90 91 65 79 92 93 94 95 96 97 98 83 99 1 

0 27 100 33 101 43 102 103 27 104 94 105 67 106 107 108 27 109 110 27 68 69 109 28 1 

0 111 112 113 114 84 80 81 36 115 82 33 116 117 118 109 119 120 102 121 122 43 123 36 124 125 65 126 102 127 65 33 128 1 

0 36 27 27 99 57 41 129 30 130 1 

0 131 132 133 134 29 82 135 136 137 43 62 138 139 140 141 1 

0 142 41 143 62 109 144 145 146 1 

0 147 27 148 33 83 149 150 33 77 114 151 43 139 152 153 154 43 33 67 106 1 

0 131 155 143 156 157 153 158 159 160 161 162 99 163 164 27 43 165 120 27 74 166 1 

0 167 27 168 36 169 43 83 170 33 171 74 166 49 33 172 173 43 174 175 49 165 175 1 

0 33 27 176 99 62 55 64 109 177 178 179 109 180 181 182 33 69 109 33 183 184 49 185 88 36 186 187 43 27 109 28 1 

0 170 28 65 28 28 188 67 106 88 33 69 114 189 33 190 99 1 

0 76 28 191 149 192 193 88 33 194 28 155 195 80 81 196 197 33 198 199 1 

0 200 43 33 201 202 77 155 27 203 204 196 88 205 27 74 1 

0 33 206 43 28 75 170 207 27 208 74 49 27 55 209 210 81 198 33 83 99 1 

0 33 27 211 41 36 212 213 76 214 43 215 149 216 27 203 99 167 27 1 

