0 1 2 3 4 5 6 7 8 9 10 11 12 13 14 15 16 17 18 19 20 21 22 23 24
-2 -2 -2 -2 -2 -2 -2 -2 -2 -2 -2 -2 -2 -2 -2 -2 -2 -2 -2 -2 -2 -2 -2 -2 -2
0 2 3 4 5 6 7 8 9 10 11 12 13 14 15 16 17 18 19 20 21 22 23 24 25
2 3 4 5 6 7 8 9 10 11 12 13 14 15 16 17 18 19 20 21 22 23 24 25 1
-1 -1 -1 -1 -1 -1 -1 -1 -1 0 25 26 27 28 29 30 31 32 33 34 35 36 37 38 27
-1 -1 -1 -1 -1 -1 -1 -1 -1 -2 -2 -2 -2 -2 -2 -2 -2 -2 -2 -2 -2 -2 -2 -2 -2
0 26 27 28 29 30 31 32 33 34 35 36 37 38 39 28 -1 -1 -1 -1 -1 -1 -1 -1 -1
26 27 28 29 30 31 32 33 34 35 36 37 38 39 28 1 -1 -1 -1 -1 -1 -1 -1 -1 -1
-1 -1 -1 -1 -1 -1 -1 -1 -1 -1 -1 -1 0 39 26 40 41 42 26 43 32 44 45 46
-1 -1 -1 -1 -1 -1 -1 -1 -1 -1 -1 -1 -2 -2 -2 -2 -2 -2 -2 -2 -2 -2 -2 -2
0 40 27 41 42 43 27 44 33 45 46 47 -1 -1 -1 -1 -1 -1 -1 -1 -1 -1 -1 -1
40 27 41 42 43 27 44 33 45 46 47 1 -1 -1 -1 -1 -1 -1 -1 -1 -1 -1 -1 -1
0 47 26 27 28 29 48 49 41 42 50 51 52 53 54 55 35 36 37 42 56 57 58 59
-2 -2 -2 -2 -2 -2 -2 -2 -2 -2 -2 -2 -2 -2 -2 -2 -2 -2 -2 -2 -2 -2 -2 -2
0 48 27 28 29 30 49 50 42 43 51 52 53 54 55 56 36 37 38 43 57 58 59 60
48 27 28 29 30 49 50 42 43 51 52 53 54 55 56 36 37 38 43 57 58 59 60 1
0 35 60 42 61 62 63 64 65 66 67 68 69 70 35 71 72 42 73 74 75 35 46 42 76 77 64 78 79 80 27 28 81 82 83
-2 -2 -2 -2 -2 -2 -2 -2 -2 -2 -2 -2 -2 -2 -2 -2 -2 -2 -2 -2 -2 -2 -2 -2 -2 -2 -2 -2 -2 -2 -2 -2 -2 -2 -2
0 36 61 43 62 63 64 65 66 67 68 69 70 71 36 72 73 43 74 75 76 36 47 43 77 78 65 79 80 81 28 29 82 83 84
36 61 43 62 63 64 65 66 67 68 69 70 71 36 72 73 43 74 75 76 36 47 43 77 78 65 79 80 81 28 29 82 83 84 1
-1 -1 -1 -1 -1 -1 -1 0 32 61 84 26 40 85 26 62 78 86 32 26 87 88 89 90 64 78 91 92 93 94 95 96 97 82 98
-1 -1 -1 -1 -1 -1 -1 -2 -2 -2 -2 -2 -2 -2 -2 -2 -2 -2 -2 -2 -2 -2 -2 -2 -2 -2 -2 -2 -2 -2 -2 -2 -2 -2 -2
0 33 62 85 27 41 86 27 63 79 87 33 27 88 89 90 91 65 79 92 93 94 95 96 97 98 83 99 -1 -1 -1 -1 -1 -1 -1
33 62 85 27 41 86 27 63 79 87 33 27 88 89 90 91 65 79 92 93 94 95 96 97 98 83 99 1 -1 -1 -1 -1 -1 -1 -1
-1 -1 -1 -1 -1 -1 -1 -1 -1 0 26 99 32 100 42 101 102 26 103 93 104 66 105 106 107 26 108 109 26 67 68 108 27
-1 -1 -1 -1 -1 -1 -1 -1 -1 -2 -2 -2 -2 -2 -2 -2 -2 -2 -2 -2 -2 -2 -2 -2 -2 -2 -2 -2 -2 -2 -2 -2 -2
0 27 100 33 101 43 102 103 27 104 94 105 67 106 107 108 27 109 110 27 68 69 109 28 -1 -1 -1 -1 -1 -1 -1 -1 -1
27 100 33 101 43 102 103 27 104 94 105 67 106 107 108 27 109 110 27 68 69 109 28 1 -1 -1 -1 -1 -1 -1 -1 -1 -1
0 110 111 112 113 83 79 80 35 114 81 32 115 116 117 108 118 119 101 120 121 42 122 35 123 124 64 125 101 126 64 32 127
-2 -2 -2 -2 -2 -2 -2 -2 -2 -2 -2 -2 -2 -2 -2 -2 -2 -2 -2 -2 -2 -2 -2 -2 -2 -2 -2 -2 -2 -2 -2 -2 -2
0 111 112 113 114 84 80 81 36 115 82 33 116 117 118 109 119 120 102 121 122 43 123 36 124 125 65 126 102 127 65 33 128
111 112 113 114 84 80 81 36 115 82 33 116 117 118 109 119 120 102 121 122 43 123 36 124 125 65 126 102 127 65 33 128 1
-1 -1 -1 -1 -1 -1 0 35 26 26 98 56 40 128 29 129
-1 -1 -1 -1 -1 -1 -2 -2 -2 -2 -2 -2 -2 -2 -2 -2
0 36 27 27 99 57 41 129 30 130 -1 -1 -1 -1 -1 -1
36 27 27 99 57 41 129 30 130 1 -1 -1 -1 -1 -1 -1
0 130 131 132 133 28 81 134 135 136 42 61 137 138 139 140
-2 -2 -2 -2 -2 -2 -2 -2 -2 -2 -2 -2 -2 -2 -2 -2
0 131 132 133 134 29 82 135 136 137 43 62 138 139 140 141
131 132 133 134 29 82 135 136 137 43 62 138 139 140 141 1
-1 -1 -1 -1 -1 -1 -1 -1 -1 -1 -1 -1 0 141 40 142 61 108 143 144 145
-1 -1 -1 -1 -1 -1 -1 -1 -1 -1 -1 -1 -2 -2 -2 -2 -2 -2 -2 -2 -2
0 142 41 143 62 109 144 145 146 -1 -1 -1 -1 -1 -1 -1 -1 -1 -1 -1 -1
142 41 143 62 109 144 145 146 1 -1 -1 -1 -1 -1 -1 -1 -1 -1 -1 -1 -1
0 146 26 147 32 82 148 149 32 76 113 150 42 138 151 152 153 42 32 66 105
-2 -2 -2 -2 -2 -2 -2 -2 -2 -2 -2 -2 -2 -2 -2 -2 -2 -2 -2 -2 -2
0 147 27 148 33 83 149 150 33 77 114 151 43 139 152 153 154 43 33 67 106
147 27 148 33 83 149 150 33 77 114 151 43 139 152 153 154 43 33 67 106 1
-1 0 130 154 142 155 156 152 157 158 159 160 161 98 162 163 26 42 164 119 26 73 165
-1 -2 -2 -2 -2 -2 -2 -2 -2 -2 -2 -2 -2 -2 -2 -2 -2 -2 -2 -2 -2 -2 -2
0 131 155 143 156 157 153 158 159 160 161 162 99 163 164 27 43 165 120 27 74 166 -1
131 155 143 156 157 153 158 159 160 161 162 99 163 164 27 43 165 120 27 74 166 1 -1
0 166 26 167 35 168 42 82 169 32 170 73 165 48 32 171 172 42 173 174 48 164 174
-2 -2 -2 -2 -2 -2 -2 -2 -2 -2 -2 -2 -2 -2 -2 -2 -2 -2 -2 -2 -2 -2 -2
0 167 27 168 36 169 43 83 170 33 171 74 166 49 33 172 173 43 174 175 49 165 175
167 27 168 36 169 43 83 170 33 171 74 166 49 33 172 173 43 174 175 49 165 175 1
0 32 26 175 98 61 54 63 108 176 177 178 108 179 180 181 32 68 108 32 182 183 48 184 87 35 185 186 42 26 108 27
-2 -2 -2 -2 -2 -2 -2 -2 -2 -2 -2 -2 -2 -2 -2 -2 -2 -2 -2 -2 -2 -2 -2 -2 -2 -2 -2 -2 -2 -2 -2 -2
0 33 27 176 99 62 55 64 109 177 178 179 109 180 181 182 33 69 109 33 183 184 49 185 88 36 186 187 43 27 109 28
33 27 176 99 62 55 64 109 177 178 179 109 180 181 182 33 69 109 33 183 184 49 185 88 36 186 187 43 27 109 28 1
-1 -1 -1 -1 -1 -1 -1 -1 -1 -1 -1 -1 -1 -1 -1 0 169 27 64 27 27 187 66 105 87 32 68 113 188 32 189 98
-1 -1 -1 -1 -1 -1 -1 -1 -1 -1 -1 -1 -1 -1 -1 -2 -2 -2 -2 -2 -2 -2 -2 -2 -2 -2 -2 -2 -2 -2 -2 -2
0 170 28 65 28 28 188 67 106 88 33 69 114 189 33 190 99 -1 -1 -1 -1 -1 -1 -1 -1 -1 -1 -1 -1 -1 -1 -1
170 28 65 28 28 188 67 106 88 33 69 114 189 33 190 99 1 -1 -1 -1 -1 -1 -1 -1 -1 -1 -1 -1 -1 -1 -1 -1
0 75 27 190 148 191 192 87 32 193 27 154 194 79 80 195 196 32 197 198
-2 -2 -2 -2 -2 -2 -2 -2 -2 -2 -2 -2 -2 -2 -2 -2 -2 -2 -2 -2
0 76 28 191 149 192 193 88 33 194 28 155 195 80 81 196 197 33 198 199
76 28 191 149 192 193 88 33 194 28 155 195 80 81 196 197 33 198 199 1
-1 -1 -1 -1 0 199 42 32 200 201 76 154 26 202 203 195 87 204 26 73
-1 -1 -1 -1 -2 -2 -2 -2 -2 -2 -2 -2 -2 -2 -2 -2 -2 -2 -2 -2
0 200 43 33 201 202 77 155 27 203 204 196 88 205 27 74 -1 -1 -1 -1
200 43 33 201 202 77 155 27 203 204 196 88 205 27 74 1 -1 -1 -1 -1
0 32 205 42 27 74 169 206 26 207 73 48 26 54 208 209 80 197 32 82 98
-2 -2 -2 -2 -2 -2 -2 -2 -2 -2 -2 -2 -2 -2 -2 -2 -2 -2 -2 -2 -2
0 33 206 43 28 75 170 207 27 208 74 49 27 55 209 210 81 198 33 83 99
33 206 43 28 75 170 207 27 208 74 49 27 55 209 210 81 198 33 83 99 1
-1 -1 0 32 26 210 40 35 211 212 75 213 42 214 148 215 26 202 98 166 26
-1 -1 -2 -2 -2 -2 -2 -2 -2 -2 -2 -2 -2 -2 -2 -2 -2 -2 -2 -2 -2
0 33 27 211 41 36 212 213 76 214 43 215 149 216 27 203 99 167 27 -1 -1
33 27 211 41 36 212 213 76 214 43 215 149 216 27 203 99 167 27 1 -1 -1
