0 1 2 3 4 5 6 7 8 9 10 11 12 13 14 15 16 17 18 19 20 21 22 23 24
-2 -2 -2 -2 -2 -2 -2 -2 -2 -2 -2 -2 -2 -2 -2 -2 -2 -2 -2 -2 -2 -2 -2 -2 -2
0 2 3 4 5 6 7 8 9 10 11 12 13 14 15 16 17 18 19 20 21 22 23 24 25
2 3 4 5 6 7 8 9 10 11 12 13 14 15 16 17 18 19 20 21 22 23 24 25 1
-1 -1 -1 -1 -1 -1 -1 -1 -1 0 25 26 27 28 29 30 31 32 33 34 35 36 37 38 27
-1 -1 -1 -1 -1 -1 -1 -1 -1 -2 -2 -2 -2 -2 -2 -2 -2 -2 -2 -2 -2 -2 -2 -2 -2
0 26 27 28 29 30 31 32 33 34 35 36 37 38 39 28 -1 -1 -1 -1 -1 -1 -1 -1 -1
26 27 28 29 30 31 32 33 34 35 36 37 38 39 28 1 -1 -1 -1 -1 -1 -1 -1 -1 -1
-1 -1 -1 -1 -1 -1 -1 -1 -1 -1 -1 -1 0 39 26 40 41 42 26 43 32 44 45 46
-1 -1 -1 -1 -1 -1 -1 -1 -1 -1 -1 -1 -2 -2 -2 -2 -2 -2 -2 -2 -2 -2 -2 -2
0 40 27 41 42 43 27 44 33 45 46 47 -1 -1 -1 -1 -1 -1 -1 -1 -1 -1 -1 -1
40 27 41 42 43 27 44 33 45 46 47 1 -1 -1 -1 -1 -1 -1 -1 -1 -1 -1 -1 -1
0 47 26 27 28 29 48 49 41 42 50 51 52 53 54 55 35 36 37 42 56 57 58 59
-2 -2 -2 -2 -2 -2 -2 -2 -2 -2 -2 -2 -2 -2 -2 -2 -2 -2 -2 -2 -2 -2 -2 -2
0 48 27 28 29 30 49 50 42 43 51 52 53 54 55 56 36 37 38 43 57 58 59 60
48 27 28 29 30 49 50 42 43 51 52 53 54 55 56 36 37 38 43 57 58 59 60 1
